position: 
  x: 26.469240299157363
  y: 15.305233416399965
  z: 0.0
orientation: 
  x: 0.0
  y: 0.0
  z: 0.9235127581969013
  w: 0.38356770647116767