position: 
  x: 26.4501711115281
  y: 15.317210462146107
  z: 0.0
orientation: 
  x: 0.0
  y: 0.0
  z: 0.9967470195616496
  w: -0.08059391413108453
