position: 
  x: 26.514244170388086
  y: 15.18605481063565
  z: 0.0
orientation: 
  x: 0.0
  y: 0.0
  z: 0.22056681721880686
  w: 0.9753718671060619
