position: 
  x: 26.461413453357583
  y: 15.318711463201826
  z: 0.0
orientation: 
  x: 0.0
  y: 0.0
  z: 0.9998469969813534
  w: 0.017492359113898348
