position: 
  x: 26.59365371716166
  y: 15.114687931401782
  z: 0.0
orientation: 
  x: 0.0
  y: 0.0
  z: -0.6976677443710324
  w: 0.7164214670598834
