position: 
  x: 26.594687369658924
  y: 15.119374504453363
  z: 0.0
orientation: 
  x: 0.0
  y: 0.0
  z: -0.7574095541611128
  w: 0.652940094698943
