position: 
  x: 26.535363601313964
  y: 15.177473342105767
  z: 0.0
orientation: 
  x: 0.0
  y: 0.0
  z: 0.05688616809827399
  w: 0.9983806708260606
