position: 
  x: 26.53419524257028
  y: 15.260342586348878
  z: 0.0
orientation: 
  x: 0.0
  y: 0.0
  z: 0.6830650002243489
  w: 0.7303575873970983
