position: 
  x: 26.437217134065854
  y: 15.322367556180758
  z: 0.0
orientation: 
  x: 0.0
  y: 0.0
  z: 0.9681125918525524
  w: 0.25051548753826247
