position: 
  x: 26.61507217220918
  y: 15.109067540051804
  z: 0.0
orientation: 
  x: 0.0
  y: 0.0
  z: -0.8355151870655506
  w: 0.5494673531546875
