position: 
  x: 26.599367794762706
  y: 15.091485981898941
  z: 0.0
orientation: 
  x: 0.0
  y: 0.0
  z: -0.6113893163203422
  w: 0.7913299589231692
