position: 
  x: 26.520771707925192
  y: 15.198561134035398
  z: 0.0
orientation: 
  x: 0.0
  y: 0.0
  z: 0.474614155475166
  w: 0.8801939578425854
