position: 
  x: 26.53143927102095
  y: 15.15499859513275
  z: 0.0
orientation: 
  x: 0.0
  y: 0.0
  z: -0.20561220526070273
  w: 0.9786335478859441