position: 
  x: 26.46015560455685
  y: 15.320834900258452
  z: 0.0
orientation: 
  x: 0.0
  y: 0.0
  z: 0.9978510597271112
  w: 0.06552299292218815
