position: 
  x: 26.573525250427604
  y: 15.133420081386074
  z: 0.0
orientation: 
  x: 0.0
  y: 0.0
  z: -0.2856422770556532
  w: 0.958336313388187
