position: 
  x: 26.51502462636331
  y: 15.186505001935352
  z: 0.0
orientation: 
  x: 0.0
  y: 0.0
  z: 0.2630832808835735
  w: 0.9647731273825649
