position: 
  x: 26.60779021874978
  y: 15.092833018028749
  z: 0.0
orientation: 
  x: 0.0
  y: 0.0
  z: -0.8517826566634704
  w: 0.5238953195127066
