position: 
  x: 26.470486039959084
  y: 15.30382751675205
  z: 0.0
orientation: 
  x: 0.0
  y: 0.0
  z: 0.9053459948653381
  w: 0.4246747338626251
