position: 
  x: 26.606139901708698
  y: 15.08995679226704
  z: 0.0
orientation: 
  x: 0.0
  y: 0.0
  z: 0.9273236199288653
  w: -0.37426047603510787
