position: 
  x: 26.60494051477243
  y: 15.088854026581448
  z: 0.0
orientation: 
  x: 0.0
  y: 0.0
  z: 0.9414922583840076
  w: -0.33703460861309337
