position: 
  x: 26.443067319422557
  y: 15.330209535330765
  z: 0.0
orientation: 
  x: 0.0
  y: 0.0
  z: 0.9450327661777124
  w: -0.32697564259513456
---
