position: 
  x: 26.49364076204631
  y: 15.168833404846442
  z: 0.0
orientation: 
  x: 0.0
  y: 0.0
  z: -0.13232563897567584
  w: 0.991206298037739
