position: 
  x: 26.606058594318412
  y: 15.111958876871944
  z: 0.0
orientation: 
  x: 0.0
  y: 0.0
  z: -0.8078138762868623
  w: 0.5894376483381376