position: 
  x: 26.529960707483276
  y: 15.177035582581306
  z: 0.0
orientation: 
  x: 0.0
  y: 0.0
  z: 0.1117382137903505
  w: 0.9937376774475958
