position: 
  x: 26.450997479456067
  y: 15.317378328526488
  z: 0.0
orientation: 
  x: 0.0
  y: 0.0
  z: 0.9925144443717651
  w: -0.12212730126145643
