position: 
  x: 26.605529810761418
  y: 15.110355572082229
  z: 0.0
orientation: 
  x: 0.0
  y: 0.0
  z: -0.7840369870427886
  w: 0.6207141072578152
