position: 
  x: 26.523908235753236
  y: 15.198074201435027
  z: 0.0
orientation: 
  x: 0.0
  y: 0.0
  z: 0.50896591689083
  w: 0.8607866724360204
