position: 
  x: 26.423408325284257
  y: 15.31579317660031
  z: 0.0
orientation: 
  x: 0.0
  y: 0.0
  z: 0.9705471177019325
  w: -0.24091137856164255
