position: 
  x: 26.43620405838623
  y: 15.322952106844195
  z: 0.0
orientation: 
  x: 0.0
  y: 0.0
  z: 0.9602287786167959
  w: 0.2792144206807672
