position: 
  x: 26.597977253632116
  y: 15.107054839128615
  z: 0.0
orientation: 
  x: 0.0
  y: 0.0
  z: -0.4331145676181005
  w: 0.9013388770695436
