position: 
  x: 26.440690331773464
  y: 15.325251190034583
  z: 0.0
orientation: 
  x: 0.0
  y: 0.0
  z: 0.9033562993665517
  w: -0.42889089101398387
