position: 
  x: 26.550955622779473
  y: 15.212804323273106
  z: 0.0
orientation: 
  x: 0.0
  y: 0.0
  z: 0.350729739920105
  w: 0.9364767212993473
