position: 
  x: 26.532752066765678
  y: 15.261615141973298
  z: 0.0
orientation: 
  x: 0.0
  y: 0.0
  z: 0.6477742437399632
  w: 0.761832349764119