position: 
  x: 26.422726297823456
  y: 15.33220982432826
  z: 0.0
orientation: 
  x: 0.0
  y: 0.0
  z: 0.9469846264046791
  w: 0.3212788778509886
