position: 
  x: 26.45389925880033
  y: 15.318750804020173
  z: 0.0
orientation: 
  x: 0.0
  y: 0.0
  z: 0.9991531415305891
  w: -0.041146078422548964
