position: 
  x: 26.448237568402764
  y: 15.322905420840012
  z: 0.0
orientation: 
  x: 0.0
  y: 0.0
  z: 0.9946665418671821
  w: 0.10314296141754614
