position: 
  x: 26.45090632879426
  y: 15.317347893701864
  z: 0.0
orientation: 
  x: 0.0
  y: 0.0
  z: 0.9879423007525399
  w: -0.1548225125224953
