position: 
  x: 26.605321062700003
  y: 15.097860072205538
  z: 0.0
orientation: 
  x: 0.0
  y: 0.0
  z: -0.47575445904929214
  w: 0.8795781345023962
