position: 
  x: 26.53486407952758
  y: 15.199592690165286
  z: 0.0
orientation: 
  x: 0.0
  y: 0.0
  z: 0.3209620016654406
  w: 0.9470920723387529
