position: 
  x: 26.443819073392987
  y: 15.31956554041026
  z: 0.0
orientation: 
  x: 0.0
  y: 0.0
  z: 0.9817184901093121
  w: 0.1903386618044071