position: 
  x: 26.456697446767635
  y: 15.318845998095222
  z: 0.0
orientation: 
  x: 0.0
  y: 0.0
  z: 0.9998759422997252
  w: -0.01575119075614778