position: 
  x: 26.51025123606741
  y: 15.24492565082602
  z: 0.0
orientation: 
  x: -0.0
  y: -0.0
  z: 0.8280700338133188
  w: 0.5606246686513262
