position: 
  x: 26.596634111968616
  y: 15.091589287204467
  z: 0.0
orientation: 
  x: 0.0
  y: 0.0
  z: -0.6514615262695538
  w: 0.7586816722384584
