position: 
  x: 26.526335088873857
  y: 15.227767328888497
  z: 0.0
orientation: 
  x: 0.0
  y: 0.0
  z: 0.6174235773335633
  w: 0.7866308703277702
