position: 
  x: 26.42331730669894
  y: 15.315716392069932
  z: 0.0
orientation: 
  x: 0.0
  y: 0.0
  z: 0.980801154097446
  w: -0.19501050259182953
