position: 
  x: 26.451956261612576
  y: 15.338115542021306
  z: 0.0
orientation: 
  x: 0.0
  y: 0.0
  z: 0.9181974015079881
  w: -0.39612312715111514
