position: 
  x: 26.523358334971036
  y: 15.20175901608545
  z: 0.0
orientation: 
  x: 0.0
  y: 0.0
  z: 0.4502435163124744
  w: 0.8929058046729109
