position: 
  x: 26.59872813589604
  y: 15.093413161999015
  z: 0.0
orientation: 
  x: 0.0
  y: 0.0
  z: -0.5628663892624962
  w: 0.8265478980909697
