position: 
  x: 26.449827033581755
  y: 15.335934231945817
  z: 0.0
orientation: 
  x: 0.0
  y: 0.0
  z: 0.9357322345088254
  w: -0.3527111924806478
