position: 
  x: 26.534535139416587
  y: 15.219508038536867
  z: 0.0
orientation: 
  x: 0.0
  y: 0.0
  z: 0.5418883809524555
  w: 0.84045046408978
