position: 
  x: 26.442823863889846
  y: 15.32992399906759
  z: 0.0
orientation: 
  x: 0.0
  y: 0.0
  z: 0.9599268998053349
  w: -0.28025050763579085
