position: 
  x: 26.53476639761921
  y: 15.220055524059863
  z: 0.0
orientation: 
  x: 0.0
  y: 0.0
  z: 0.5618320206180886
  w: 0.8272513406505883
