position: 
  x: 26.60720564365988
  y: 15.09166656910882
  z: 0.0
orientation: 
  x: 0.0
  y: 0.0
  z: 0.8716278450863154
  w: -0.49016823608857635
