position: 
  x: 26.532362465324404
  y: 15.197508536860818
  z: 0.0
orientation: 
  x: 0.0
  y: 0.0
  z: 0.28580956354785714
  w: 0.9582864359806954