position: 
  x: 26.547846970452845
  y: 15.20965347880134
  z: 0.0
orientation: 
  x: 0.0
  y: 0.0
  z: 0.41106566755689705
  w: 0.9116057354777901
