position: 
  x: 26.525279402944346
  y: 15.180011327616695
  z: 0.0
orientation: 
  x: 0.0
  y: 0.0
  z: 0.18148508411627745
  w: 0.9833936974799603
