position: 
  x: 26.534151508879884
  y: 15.224895322190921
  z: 0.0
orientation: 
  x: -0.0
  y: -0.0
  z: 0.7200124243630341
  w: 0.6939611723741221
