position: 
  x: 26.442913939975206
  y: 15.319935862358546
  z: 0.0
orientation: 
  x: 0.0
  y: 0.0
  z: 0.9751845619691805
  w: 0.22139347347421431
