position: 
  x: 26.526129424359585
  y: 15.226988706582668
  z: 0.0
orientation: 
  x: 0.0
  y: 0.0
  z: 0.5931860840790166
  w: 0.805065382223706
