position: 
  x: 26.544696704164792
  y: 15.168235877653503
  z: 0.0
orientation: 
  x: 0.0
  y: 0.0
  z: -0.0034589701603357516
  w: 0.9999940177448212
