position: 
  x: 26.5497348267971
  y: 15.211667959111004
  z: 0.0
orientation: 
  x: 0.0
  y: 0.0
  z: 0.3775249169013417
  w: 0.9259994260897979
