position: 
  x: 26.526000725653986
  y: 15.219107491848545
  z: 0.0
orientation: 
  x: -0.0
  y: -0.0
  z: 0.7874692385757914
  w: 0.6163539553672577