position: 
  x: 26.594648096942166
  y: 15.118916505356303
  z: 0.0
orientation: 
  x: 0.0
  y: 0.0
  z: -0.7264507153684441
  w: 0.6872185664988074
