position: 
  x: 26.49443904911633
  y: 15.168718961860408
  z: 0.0
orientation: 
  x: 0.0
  y: 0.0
  z: -0.07352883377713529
  w: 0.9972930916252125
