position: 
  x: 26.606197855975168
  y: 15.096486243949649
  z: 0.0
orientation: 
  x: 0.0
  y: 0.0
  z: -0.5122785595943514
  w: 0.8588193508415705
