position: 
  x: 26.480829334999612
  y: 15.28878557396183
  z: 0.0
orientation: 
  x: 0.0
  y: 0.0
  z: 0.8847767272094014
  w: 0.466015174633424
