position: 
  x: 26.483830911170656
  y: 15.283901775335737
  z: 0.0
orientation: 
  x: -0.0
  y: -0.0
  z: 0.8648730525316018
  w: 0.5019906403556436