position: 
  x: 26.605324127483165
  y: 15.084662044787748
  z: 0.0
orientation: 
  x: 0.0
  y: 0.0
  z: 0.9132428606666588
  w: -0.40741560775377444
