position: 
  x: 26.4441526829719
  y: 15.328020374960744
  z: 0.0
orientation: 
  x: 0.0
  y: 0.0
  z: 0.9378878924115825
  w: 0.3469384689937969
