position: 
  x: 26.445796682678903
  y: 15.323496351024112
  z: 0.0
orientation: 
  x: 0.0
  y: 0.0
  z: 0.9900738347909266
  w: 0.14054821828251357