position: 
  x: 26.60673605541377
  y: 15.086454099221118
  z: 0.0
orientation: 
  x: 0.0
  y: 0.0
  z: 0.8918639606152583
  w: -0.4523037428052802
