position: 
  x: 26.5243767758527
  y: 15.229193323554544
  z: 0.0
orientation: 
  x: -0.0
  y: -0.0
  z: 0.7523691107515287
  w: 0.6587417712480014
