position: 
  x: 26.575297657713435
  y: 15.132269152215146
  z: 0.0
orientation: 
  x: 0.0
  y: 0.0
  z: -0.35283129878256264
  w: 0.935686953312597
